Nodal displacements in global cartesian 
Node number         UX                    UY                 theta
       1      0.0000000000000      0.0000000000000     -0.0000927179954
       2      0.0019198110424     -0.0021321167089     -0.0002297772370
       3      0.0002912046876     -0.0030452661922     -0.0002976564544
       4      0.0017038316522     -0.0066765303396      0.0003239855850
       5      0.0032108765810     -0.0058510604179      0.0005181333927
       6      0.0140418122329      0.0000000000000      0.0011891860242
********************************************************** 
Element Stresses 
                           Node A                                 Node B
Element Index   Axial      Bending          Max          Min      Bending          Max          Min
       1   -1180.0283     -74.8044   -1105.2240   -1254.8327    -141.4158   -1038.6125   -1321.4442
       2    -238.9681     808.5849     569.6168   -1047.5530    -931.2571     692.2890   -1170.2253
       3     436.8070      42.8468     479.6538     393.9602    -376.6915     813.4986      60.1155
       4    -323.9691    -889.5858     565.6167   -1213.5548    1791.6654    1467.6963   -2115.6345
       5     384.8513   -1307.9487    1692.8000    -923.0974    2923.7783    3308.6296   -2538.9270
       6    -135.2344     558.9468     423.7125    -694.1812    1762.6042    1627.3698   -1897.8385
       7    -154.7988    2674.7368    2519.9381   -2829.5356       0.0000    -154.7988    -154.7988

Max Stress Magnitude:          3308.629638    on element        5 at node        5
********************************************************** 
Node Forces 
Node number         FX                    FY                   M
       1      0.0000000000008     97.3684210526317     -0.0000000000000
       2      0.0000000000001   -125.0000000000001      0.0000000000000
       3      0.0000000000001     -0.0000000000000      0.0000000000001
       4     -0.0000000000000    -24.9999999999995      0.0000000000008
       5      0.0000000000004     -0.0000000000005      0.0000000000001
       6      0.0000000000001     52.6315789473665      0.0000000000003
